0,7,28,44,95,136,144,165,189,190,193,196,199,210,214,218,282,289,297,313,
1,29,80,88,143,245,270,314,
2,69,203,205,209,250,268,
3,67,71,152,232,258,
4,27,164,278,287,304,322,
5,171,183,275,300,
6,8,41,66,94,107,277,
9,49,101,138,161,173,174,208,248,265,
10,21,227,251,301,
11,72,105,117,157,281,
12,156,175,195,295,299,302,
13,36,52,57,100,106,110,177,237,
14,26,31,60,82,102,111,116,170,172,197,240,262,272,285,305,318,
15,19,34,135,159,194,206,244,255,323,
16,17,96,98,120,147,154,158,168,169,221,292,
18,35,65,178,188,
20,38,42,79,90,
22,51,91,236,256,276,311,
23,32,55,84,137,253,294,321,
24,43,182,184,
25,85,142,149,
30,58,89,211,238,269,283,
33,75,103,112,176,212,223,229,308,317,
37,50,145,162,201,241,246,315,
39,74,81,128,288,290,
40,77,83,109,121,133,141,150,
45,53,61,64,68,73,87,151,167,180,200,204,213,274,284,310,
46,122,234,252,266,267,306,
47,186,259,309,
48,185,198,222,307,
54,125,126,153,155,235,242,243,
56,86,113,124,140,228,231,298,
59,114,127,131,280,
62,78,92,99,108,132,216,226,249,286,312,
63,115,163,179,207,220,239,264,273,
70,93,97,123,191,
76,130,160,215,224,319,
104,119,303,316,
118,247,254,257,279,291,320,
129,134,146,166,181,202,217,219,225,263,293,
139,148,271,296,
187,192,230,233,260,261,
