0,7,95,165,189,196,214,282,289,
1,27,29,164,278,287,304,314,322,
2,41,45,61,64,151,209,250,274,
3,5,67,71,226,232,258,300,
4,88,245,270,
6,48,263,
8,18,146,166,178,277,
9,22,49,174,311,
10,227,251,309,
11,72,117,123,157,206,281,
12,92,132,175,249,286,
13,16,36,57,96,98,106,110,147,168,177,221,
14,82,102,111,116,142,191,253,262,285,305,
15,19,37,159,162,241,244,246,247,255,288,290,291,320,323,
17,52,69,120,134,158,169,217,237,292,
20,38,42,79,90,113,124,125,126,155,228,231,242,243,
21,47,135,186,259,301,
23,104,136,199,
24,76,160,192,198,215,222,224,
25,35,66,70,94,97,107,129,181,202,219,225,293,
26,63,114,130,220,239,
28,43,44,59,127,131,144,280,313,
30,33,55,65,75,103,112,137,148,176,223,229,269,275,283,308,321,
31,60,80,85,149,170,172,197,240,272,318,
32,58,84,93,211,238,294,317,
34,39,50,74,81,118,128,145,194,201,254,257,279,315,
40,46,252,266,
51,101,138,161,173,236,248,256,265,296,
53,68,73,87,100,154,180,200,204,205,268,284,310,
54,56,153,235,298,
62,78,182,184,195,
77,83,109,121,133,141,150,234,267,306,
86,140,
89,91,122,208,
99,108,143,156,216,295,299,302,312,
105,
115,163,179,207,264,273,319,
119,167,190,193,210,213,218,297,316,
139,171,183,188,203,212,271,
152,185,303,
187,230,233,260,261,276,307,
